#Pressure_Error£¨hpa£©Speed_Error£¨m/s£©TS_Score(%)
	9.69		10.65		42.28
	8.562		11.52		50.09
	9.011		11.34		51.35
	9.855		11.46		47.86
	8.742		11.22		48.86
	8.852		11.08		50.21
	8.091		10.9		51.38
	9.295		10.49		44.76
	8.599		10.62		49.63
	9.616		11.52		45.69
	8.791		11.27		49.68
	9.271		11.59		49.52
	8.469		10.68		50.56
	8.691		10.78		50.44
	9.508		11.61		46.59
	8.752		11.37		50.38
	10.19		12.13		48.92
	8.141		10.58		52.51
	8.269		10.18		48.39
	10.09		11.72		46.1
	9.812		11.81		47.73
	9.63		11.35		49.48
	7.961		10.88		51.62
	8.662		11.34		49.33
	7.425		10.24		50.52
	9.556		12.31		49.57
	10.57		13.49		47.44
	8.678		10.95		48.01
	9.941		12.12		49.24
	8.978		11.1		47.69
	8.964		11.59		50.02
	8.032		11.24		52.29
	10.17		12.02		47.38
	8.1		10.97		50.29
	8.315		10.76		50.84
	9.011		11.59		49.51
	9.023		10.92		47.18
	8.003		10.59		50.39
	9.334		11.26		49.12
	9.767		11.04		47.47
	7.401		11.15		49.74
	10.65		12.2		48.42
	9.085		10.87		46.88
	8.229		11.34		51.34
	9.557		11.9		52.46
	9.712		11.14		46.78
	10.03		12.49		45.68
	9.054		11.64		49.73
	8.752		11.54		49.27
	9.604		11.87		50.5
	8.636		10.57		50.74
	9.845		11.55		47.37
	10.11		12.61		47.8
	8.301		10.33		51.08
	8.771		10.7		49.17
	9.328		11.74		48.81
	8.206		10.59		50.75
	7.938		10.33		49.37
	9.787		12.49		47.71
	7.61		10.42		51.24
	8.876		10.94		51.4
	9.313		11.33		46.82
	10.09		11.91		48.27
	9.064		10.54		50.29
	8.527		10.66		49.88
	10.48		12.73		47.69
	10.05		11.17		50.61
	9.481		10.79		49.77
	9.6		11.87		50.26
	9.677		11.42		49.67
	8.841		10.23		46.98
	8.262		11.09		49.24
	9.518		11.25		45.6
	8.67		11.28		51.36
	8.137		10.21		50.94
	9.417		11.89		49.69
	8.934		11.44		48.41
	9.433		11.84		49.97
	8.621		11.23		50.34
	9.347		10.59		44.6
	8.845		10.52		51.61
	8.891		11.36		48.84
	9.391		11.73		48.84
	9.028		11.23		49.86
	8.674		10.29		48.25
	9.921		12.01		45.85
	9.27		11.53		48.27
	7.498		10.7		52.04
	8.618		10.76		49.08
	8.288		10.84		52.89
	9.692		11.1		48.79
	9.912		12.01		46.55
	9.707		12.55		46.65
	8.548		11.09		50.39
	7.907		11.33		52.34
	9.994		12.77		48.72
	9.481		12.74		49.78
	9.468		11.46		45.97
	8.505		10.36		45.19
	9.09		11.71		51.76
	8.369		10.9		52.03
	9.248		11.61		46.87
	9.767		11.87		46.1
	9.154		11.65		50.11
	9.935		11.1		46.27
	9.403		11.82		49.02
	8.796		11.39		51.86
	9.469		12.1		47.09
	9.32		11.92		49.14
	7.885		10.15		52.09
	8.996		11.01		50.55
	10.94		12.82		48.89
	8.935		10.79		48.52
	10.43		12.45		48.99
	9.507		12.05		46.6
	8.146		10.48		51.49
	8.198		11.13		51.46
	9.256		11.64		47.17
	9.176		10.88		49.37
	8.242		11.04		51.13
	8.511		11.66		49.28
	9.048		10.65		50.19
	9.296		11.23		51.1
	9.595		11.91		46.78
	9.46		11.9		48.67
	8.243		10.4		51.12
	8.944		11.14		47.5
	8.097		10.81		50.37
	8.79		11.72		51.39
	9.225		10.59		49.62
	9.821		11.12		45.45
	8.223		11.4		50.48
	8.584		11.26		50.04
	10.41		12.11		46.62
	9.29		11.36		48.33
	9.42		11.7		49.46
	9.387		10.95		50.36
	9.276		11.73		50.17
	8.131		11.2		51.24
	9.676		11.45		47.8
	10.35		11.61		45.98
	9.361		11.27		50.52
	7.942		11.12		50.41
	9.398		11.36		49.53
	9.46		11.53		50.47
	10.06		11.97		47.48
	8.883		11.24		48.88
	9.277		10.95		52.34
	8.321		10.13		52.11
	9.42		11.59		47.71
	9.871		12.94		46.62
	9.822		11.93		49.4
	8.394		11		48.74
	9.73		10.83		49.17
	9.525		11.23		51.9
	8.859		11.28		49.04
	9.106		11.12		48.22
	8.542		10.85		51.59
	8.701		10.44		48.23
	9.348		12.29		47.52
	8.337		10.9		50.8
	9.113		10.7		48.2
	9.762		12.18		46.19
	9.674		11.79		48.64
	9.046		11.24		49.75
	10.22		12.39		47.7
	9.161		11.06		47.89
	8.301		11.47		51.68
	9.252		11.09		47.6
	8.525		11.91		51.7
	8.414		11.17		50.56
	9.48		10.6		45.95
	9.759		10.13		45.99
	8.9		10.45		49.7
	8.098		11.19		53
	9.502		11.26		49.33
	9.08		10.37		49.45
	9.297		12.43		47.71
	9.827		12.02		49.73
	8.155		9.962		49.63
	8.948		10.76		48.63
	8.234		10.78		50.62
	9.421		12.15		47.36
	9.17		10.82		49.96
	9.64		11.69		46.23
	8.067		9.992		51.21
	9.013		11.21		50.63
	9.665		12.02		49.51
	9.065		11.03		48.97
	9.36		11.68		51.39
	8.578		10.86		50.51
	9.139		10.41		45.8
	8.855		10.62		47.69
	8.901		10.55		49.33
	9.112		11.11		49.01
	9.784		11.23		45.88
	9.744		11.49		46.22
	8.938		11		51.63
	8.399		10.93		51.01
	9.202		12.3		49.57
	
#	std:0.678	std:0.644	std:1.925
#	avg:9.091	avg:11.295	avg:49.138
#	max:10.940	max:13.490	max:53.000
#	min:7.401	min:9.962	min:42.280
#	      0.65980833	 -0.5853901	  -0.564701